FEATURE = num_aligns
K = 3
KNN  	 0.984615 	 0.984615 	 0.984615
RANK 	 3 	 0.969231 	 0.969231 	 0.969231
KNN  	 0.786667 	 0.786667 	 0.786667
RANK 	 3 	 0.680000 	 0.680000 	 0.680000
KNN  	 1.000000 	 1.000000 	 1.000000
RANK 	 3 	 0.864865 	 0.864865 	 0.864865
KNN  	 0.972222 	 0.972222 	 0.972222
RANK 	 3 	 0.986111 	 0.986111 	 0.986111
KNN  	 0.985507 	 0.985507 	 0.985507
RANK 	 3 	 0.985507 	 0.985507 	 0.985507
####################################
K = 5
KNN  	 0.984615 	 0.984615 	 0.984615
RANK 	 5 	 0.969231 	 0.969231 	 0.969231
KNN  	 0.786667 	 0.786667 	 0.786667
RANK 	 5 	 0.680000 	 0.680000 	 0.680000
KNN  	 0.982456 	 0.982456 	 0.982456
RANK 	 5 	 0.824561 	 0.824561 	 0.824561
KNN  	 0.971014 	 0.971014 	 0.971014
RANK 	 5 	 0.985507 	 0.985507 	 0.985507
KNN  	 0.985294 	 0.985294 	 0.985294
RANK 	 5 	 0.985294 	 0.985294 	 0.985294
####################################
K = 7
KNN  	 0.936508 	 0.936508 	 0.936508
RANK 	 7 	 0.920635 	 0.920635 	 0.920635
KNN  	 0.786667 	 0.786667 	 0.786667
RANK 	 7 	 0.680000 	 0.680000 	 0.680000
KNN  	 0.982456 	 0.982456 	 0.982456
RANK 	 7 	 0.824561 	 0.824561 	 0.824561
KNN  	 0.970588 	 0.970588 	 0.970588
RANK 	 7 	 0.985294 	 0.985294 	 0.985294
KNN  	 0.980392 	 0.980392 	 0.980392
RANK 	 7 	 0.980392 	 0.980392 	 0.980392
####################################
FEATURE = length
K = 3
KNN  	 0.526316 	 0.526316 	 0.526316
RANK 	 3 	 0.000000 	 0.000000 	 0.000000
KNN  	 0.466667 	 0.466667 	 0.466667
RANK 	 3 	 0.000000 	 0.000000 	 0.000000
KNN  	 0.653333 	 0.653333 	 0.653333
RANK 	 3 	 0.000000 	 0.000000 	 0.000000
KNN  	 0.413333 	 0.413333 	 0.413333
RANK 	 3 	 0.000000 	 0.000000 	 0.000000
KNN  	 0.320000 	 0.320000 	 0.320000
RANK 	 3 	 0.000000 	 0.000000 	 0.000000
####################################
K = 5
KNN  	 0.526316 	 0.526316 	 0.526316
RANK 	 5 	 0.000000 	 0.000000 	 0.000000
KNN  	 0.466667 	 0.466667 	 0.466667
RANK 	 5 	 0.000000 	 0.000000 	 0.000000
KNN  	 0.653333 	 0.653333 	 0.653333
RANK 	 5 	 0.000000 	 0.000000 	 0.000000
KNN  	 0.413333 	 0.413333 	 0.413333
RANK 	 5 	 0.000000 	 0.000000 	 0.000000
KNN  	 0.320000 	 0.320000 	 0.320000
RANK 	 5 	 0.000000 	 0.000000 	 0.000000
####################################
K = 7
KNN  	 0.526316 	 0.526316 	 0.526316
RANK 	 7 	 0.000000 	 0.000000 	 0.000000
KNN  	 0.466667 	 0.466667 	 0.466667
RANK 	 7 	 0.000000 	 0.000000 	 0.000000
KNN  	 0.653333 	 0.653333 	 0.653333
RANK 	 7 	 0.000000 	 0.000000 	 0.000000
KNN  	 0.413333 	 0.413333 	 0.413333
RANK 	 7 	 0.000000 	 0.000000 	 0.000000
KNN  	 0.320000 	 0.320000 	 0.320000
RANK 	 7 	 0.000000 	 0.000000 	 0.000000
####################################
FEATURE = model1
K = 3
KNN  	 0.631579 	 0.631579 	 0.631579
RANK 	 3 	 0.605263 	 0.605263 	 0.605263
KNN  	 0.520000 	 0.520000 	 0.520000
RANK 	 3 	 0.266667 	 0.266667 	 0.266667
KNN  	 0.720000 	 0.720000 	 0.720000
RANK 	 3 	 0.560000 	 0.560000 	 0.560000
KNN  	 0.586667 	 0.586667 	 0.586667
RANK 	 3 	 0.493333 	 0.493333 	 0.493333
KNN  	 0.453333 	 0.453333 	 0.453333
RANK 	 3 	 0.346667 	 0.346667 	 0.346667
####################################
K = 5
KNN  	 0.671053 	 0.671053 	 0.671053
RANK 	 5 	 0.605263 	 0.605263 	 0.605263
KNN  	 0.506667 	 0.506667 	 0.506667
RANK 	 5 	 0.373333 	 0.373333 	 0.373333
KNN  	 0.720000 	 0.720000 	 0.720000
RANK 	 5 	 0.560000 	 0.560000 	 0.560000
KNN  	 0.586667 	 0.586667 	 0.586667
RANK 	 5 	 0.493333 	 0.493333 	 0.493333
KNN  	 0.440000 	 0.440000 	 0.440000
RANK 	 5 	 0.346667 	 0.346667 	 0.346667
####################################
K = 7
KNN  	 0.618421 	 0.618421 	 0.618421
RANK 	 7 	 0.605263 	 0.605263 	 0.605263
KNN  	 0.493333 	 0.493333 	 0.493333
RANK 	 7 	 0.373333 	 0.373333 	 0.373333
KNN  	 0.693333 	 0.693333 	 0.693333
RANK 	 7 	 0.560000 	 0.560000 	 0.560000
KNN  	 0.546667 	 0.546667 	 0.546667
RANK 	 7 	 0.493333 	 0.493333 	 0.493333
KNN  	 0.360000 	 0.360000 	 0.360000
RANK 	 7 	 0.346667 	 0.346667 	 0.346667
####################################
FEATURE = prob1
K = 3
KNN  	 0.526316 	 0.526316 	 0.526316
RANK 	 3 	 0.000000 	 0.000000 	 0.000000
KNN  	 0.360000 	 0.360000 	 0.360000
RANK 	 3 	 0.000000 	 0.000000 	 0.000000
KNN  	 0.546667 	 0.546667 	 0.546667
RANK 	 3 	 0.106667 	 0.106667 	 0.106667
KNN  	 0.413333 	 0.413333 	 0.413333
RANK 	 3 	 0.000000 	 0.000000 	 0.000000
KNN  	 0.306667 	 0.306667 	 0.306667
RANK 	 3 	 0.000000 	 0.000000 	 0.000000
####################################
K = 5
KNN  	 0.526316 	 0.526316 	 0.526316
RANK 	 5 	 0.000000 	 0.000000 	 0.000000
KNN  	 0.360000 	 0.360000 	 0.360000
RANK 	 5 	 0.000000 	 0.000000 	 0.000000
KNN  	 0.546667 	 0.546667 	 0.546667
RANK 	 5 	 0.106667 	 0.106667 	 0.106667
KNN  	 0.413333 	 0.413333 	 0.413333
RANK 	 5 	 0.000000 	 0.000000 	 0.000000
KNN  	 0.306667 	 0.306667 	 0.306667
RANK 	 5 	 0.000000 	 0.000000 	 0.000000
####################################
K = 7
KNN  	 0.526316 	 0.526316 	 0.526316
RANK 	 7 	 0.000000 	 0.000000 	 0.000000
KNN  	 0.360000 	 0.360000 	 0.360000
RANK 	 7 	 0.000000 	 0.000000 	 0.000000
KNN  	 0.373333 	 0.373333 	 0.373333
RANK 	 7 	 0.106667 	 0.106667 	 0.106667
KNN  	 0.413333 	 0.413333 	 0.413333
RANK 	 7 	 0.000000 	 0.000000 	 0.000000
KNN  	 0.306667 	 0.306667 	 0.306667
RANK 	 7 	 0.000000 	 0.000000 	 0.000000
####################################
FEATURE = model2
K = 3
KNN  	 0.631579 	 0.631579 	 0.631579
RANK 	 3 	 0.578947 	 0.578947 	 0.578947
KNN  	 0.720000 	 0.720000 	 0.720000
RANK 	 3 	 0.466667 	 0.466667 	 0.466667
KNN  	 0.693333 	 0.693333 	 0.693333
RANK 	 3 	 0.440000 	 0.440000 	 0.440000
KNN  	 0.520000 	 0.520000 	 0.520000
RANK 	 3 	 0.306667 	 0.306667 	 0.306667
KNN  	 0.413333 	 0.413333 	 0.413333
RANK 	 3 	 0.240000 	 0.240000 	 0.240000
####################################
K = 5
KNN  	 0.618421 	 0.618421 	 0.618421
RANK 	 5 	 0.578947 	 0.578947 	 0.578947
KNN  	 0.733333 	 0.733333 	 0.733333
RANK 	 5 	 0.253333 	 0.253333 	 0.253333
KNN  	 0.520000 	 0.520000 	 0.520000
RANK 	 5 	 0.373333 	 0.373333 	 0.373333
KNN  	 0.520000 	 0.520000 	 0.520000
RANK 	 5 	 0.306667 	 0.306667 	 0.306667
KNN  	 0.400000 	 0.400000 	 0.400000
RANK 	 5 	 0.240000 	 0.240000 	 0.240000
####################################
K = 7
KNN  	 0.578947 	 0.578947 	 0.578947
RANK 	 7 	 0.578947 	 0.578947 	 0.578947
KNN  	 0.706667 	 0.706667 	 0.706667
RANK 	 7 	 0.253333 	 0.253333 	 0.253333
KNN  	 0.520000 	 0.520000 	 0.520000
RANK 	 7 	 0.373333 	 0.373333 	 0.373333
KNN  	 0.520000 	 0.520000 	 0.520000
RANK 	 7 	 0.306667 	 0.306667 	 0.306667
KNN  	 0.400000 	 0.400000 	 0.400000
RANK 	 7 	 0.240000 	 0.240000 	 0.240000
####################################
FEATURE = prob2
K = 3
KNN  	 0.526316 	 0.526316 	 0.526316
RANK 	 3 	 0.000000 	 0.000000 	 0.000000
KNN  	 0.360000 	 0.360000 	 0.360000
RANK 	 3 	 0.000000 	 0.000000 	 0.000000
KNN  	 0.546667 	 0.546667 	 0.546667
RANK 	 3 	 0.106667 	 0.106667 	 0.106667
KNN  	 0.413333 	 0.413333 	 0.413333
RANK 	 3 	 0.000000 	 0.000000 	 0.000000
KNN  	 0.306667 	 0.306667 	 0.306667
RANK 	 3 	 0.000000 	 0.000000 	 0.000000
####################################
K = 5
KNN  	 0.526316 	 0.526316 	 0.526316
RANK 	 5 	 0.000000 	 0.000000 	 0.000000
KNN  	 0.360000 	 0.360000 	 0.360000
RANK 	 5 	 0.000000 	 0.000000 	 0.000000
KNN  	 0.546667 	 0.546667 	 0.546667
RANK 	 5 	 0.106667 	 0.106667 	 0.106667
KNN  	 0.413333 	 0.413333 	 0.413333
RANK 	 5 	 0.000000 	 0.000000 	 0.000000
KNN  	 0.306667 	 0.306667 	 0.306667
RANK 	 5 	 0.000000 	 0.000000 	 0.000000
####################################
K = 7
KNN  	 0.526316 	 0.526316 	 0.526316
RANK 	 7 	 0.000000 	 0.000000 	 0.000000
KNN  	 0.360000 	 0.360000 	 0.360000
RANK 	 7 	 0.000000 	 0.000000 	 0.000000
KNN  	 0.373333 	 0.373333 	 0.373333
RANK 	 7 	 0.106667 	 0.106667 	 0.106667
KNN  	 0.413333 	 0.413333 	 0.413333
RANK 	 7 	 0.000000 	 0.000000 	 0.000000
KNN  	 0.306667 	 0.306667 	 0.306667
RANK 	 7 	 0.000000 	 0.000000 	 0.000000
####################################
TEMPO TOTAL:  54009.637983
